2000
7000
1000
1500
3000
2000
1000
1500
3000
5000
2000
1000
1500
3000
2000
1000
1500
5000
3000
2000
1000
1500
3000
2000
3700
1000
1500
3000
2000
4000
1000
1500
3000
2000
1000
1500
3000
2000
1000
1500
3000
2000
1000
1500
3000
2000
7000
1000
1500
3000
2000
1000
1500
3000
2000
1000
1500
3000
2000
1000
1500
3000
2000
1000
1500
3000
2000
1000
1500
3000
2000
1000
1500
3000
2000
1000
1500
3000
2000
1000
1500
3000
2000
1000
1500
3000
2000
7000
1000
1500
3000
2000
1000
1500
3000
2000
1000
1500
3000
2000
1000
1500
3000
2000
1000
1500
3000
2000
1000
1500
3000
2000
1000
1500
3000
2000
1000
1500
3000
2000
1000
1500
3000
2000
1000
1500
3000
2000
7000
1000
1500
3000
2000
1000
1500
3000
2000
1000
1500
3000
2000
1000
1500
3000
2000
1000
1500
3000
2000
1000
1500
3000
2000
1000
1500
3000
2000
1000
1500
3000
2000
1000
1500
3000
2000
1000
1500
3000

2000
7000
1000
1500
3000
2000
1000
1500
3000
2000
1000
1500
3000
2000
1000
1500
3000
2000
1000
1500
3000
2000
1000
1500
3000
2000
1000
1500
3000
2000
1000
1500
3000
2000
1000
1500
3000
2000
1000
1500
3000

2000
7000
1000
1500
3000
2000
1000
1500
3000
2000
1000
1500
3000
2000
1000
1500
3000
2000
1000
1500
3000
2000
1000
1500
3000
2000
1000
1500
3000
2000
1000
1500
3000
2000
1000
1500
3000
2000
1000
1500
3000
2000
7000
1000
1500
3000
2000
1000
1500
3000
2000
1000
1500
3000
2000
1000
1500
3000
2000
1000
1500
3000
2000
1000
1500
3000
2000
1000
1500
3000
2000
1000
1500
3000
2000
1000
1500
3000
2000
1000
1500
3000
2000
7000
1000
1500
3000
2000
1000
1500
3000
2000
1000
1500
3000
2000
1000
1500
3000
2000
1000
1500
3000
2000
1000
1500
3000
2000
1000
1500
3000
2000
1000
1500
3000
2000
1000
1500
3000
2000
1000
1500
3000
2000
7000
1000
1500
3000
2000
1000
1500
3000
2000
1000
1500
3000
2000
1000
1500
3000
2000
1000
1500
3000
2000
1000
1500
3000
2000
1000
1500
3000
2000
1000
1500
3000
2000
1000
1500
3000
2000
1000
1500
3000





